x0	1	[1049340, 1047918, 1047981, 1048969, 1047828, 1048423, 1048922, 1047281, 1048409, 1048672, 1047214, 1050519, 1048607, 1047978, 1050157, 1048998]
x0	2	[1049616, 1049231, 1047176, 1049031, 1048585, 1050644, 1048188, 1049204, 1047513, 1048179, 1049626, 1047489, 1048550, 1049942, 1048662, 1045580]
x0	3	[1047469, 1050494, 1047466, 1048835, 1049103, 1049854, 1047843, 1048327, 1047379, 1048867, 1048126, 1047474, 1048658, 1049346, 1048256, 1049719]
x0	4	[1048219, 1047676, 1049621, 1048578, 1048391, 1046458, 1047958, 1049115, 1048880, 1050217, 1047602, 1049477, 1047569, 1051656, 1048900, 1046899]
x0	5	[1047958, 1049487, 1047592, 1049376, 1047102, 1049023, 1048184, 1049633, 1047430, 1049401, 1050508, 1049033, 1048110, 1048122, 1047502, 1048755]
x0	6	[1045573, 1047737, 1051004, 1051191, 1049466, 1046945, 1048206, 1048156, 1048167, 1047578, 1051311, 1047598, 1049397, 1049562, 1046446, 1048879]
x0	7	[1049387, 1049031, 1049786, 1049757, 1049664, 1048876, 1046106, 1050684, 1047951, 1046830, 1047943, 1048186, 1047597, 1047496, 1049530, 1048392]
x0	8	[1050744, 1047061, 1047032, 1047997, 1047751, 1048810, 1049434, 1049934, 1050434, 1049934, 1049434, 1048810, 1047751, 1047997, 1047032, 1047061]
x0	9	[1049387, 1048392, 1049530, 1047496, 1047597, 1048186, 1047943, 1046830, 1047951, 1050684, 1046106, 1048876, 1049664, 1049757, 1049786, 1049031]
x0	10	[1045573, 1048879, 1046446, 1049562, 1049397, 1047598, 1051311, 1047578, 1048167, 1048156, 1048206, 1046945, 1049466, 1051191, 1051004, 1047737]
x0	11	[1047958, 1048755, 1047502, 1048122, 1048110, 1049033, 1050508, 1049401, 1047430, 1049633, 1048184, 1049023, 1047102, 1049376, 1047592, 1049487]
x0	12	[1048219, 1046899, 1048900, 1051656, 1047569, 1049477, 1047602, 1050217, 1048880, 1049115, 1047958, 1046458, 1048391, 1048578, 1049621, 1047676]
x0	13	[1047469, 1049719, 1048256, 1049346, 1048658, 1047474, 1048126, 1048867, 1047379, 1048327, 1047843, 1049854, 1049103, 1048835, 1047466, 1050494]
x0	14	[1049616, 1045580, 1048662, 1049942, 1048550, 1047489, 1049626, 1048179, 1047513, 1049204, 1048188, 1050644, 1048585, 1049031, 1047176, 1049231]
x0	15	[1049340, 1048998, 1050157, 1047978, 1048607, 1050519, 1047214, 1048672, 1048409, 1047281, 1048922, 1048423, 1047828, 1048969, 1047981, 1047918]
x1	1	[1053909, 1051262, 1044877, 1044193, 1040352, 1042345, 1049414, 1057868, 1059381, 1057529, 1048513, 1044152, 1041451, 1043148, 1048549, 1050273]
x1	2	[1057330, 1062760, 1048583, 1041696, 1039622, 1041260, 1047607, 1048935, 1056623, 1050358, 1048761, 1040875, 1038255, 1043244, 1048171, 1063136]
x1	3	[1079839, 1038296, 1053626, 1037404, 1035886, 1018280, 1072521, 1026820, 1127979, 1027335, 1070670, 1019815, 1037712, 1036630, 1055085, 1039318]
x1	4	[1025018, 1053952, 1045516, 1051844, 1049119, 1057942, 1033394, 1059489, 1049210, 1058566, 1032776, 1055973, 1050101, 1053198, 1045394, 1055724]
x1	5	[1043677, 1054606, 1045667, 1050342, 1044402, 1052914, 1042980, 1053576, 1044268, 1052966, 1045010, 1051765, 1042472, 1051444, 1047094, 1054033]
x1	6	[1026594, 1051334, 1053841, 1073188, 1042520, 1031455, 1059292, 1037634, 1044390, 1037205, 1061117, 1032972, 1045595, 1074679, 1052415, 1052985]
x1	7	[1047884, 1046504, 1046467, 1046434, 1049942, 1053345, 1047379, 1049235, 1045046, 1049661, 1049445, 1053370, 1049050, 1045926, 1047915, 1049613]
x1	8	[1047000, 1044106, 1057740, 1054794, 1060874, 1052883, 1031214, 1043409, 1040176, 1043409, 1031214, 1052883, 1060874, 1054794, 1057740, 1044106]
x1	9	[1047884, 1049613, 1047915, 1045926, 1049050, 1053370, 1049445, 1049661, 1045046, 1049235, 1047379, 1053345, 1049942, 1046434, 1046467, 1046504]
x1	10	[1026594, 1052985, 1052415, 1074679, 1045595, 1032972, 1061117, 1037205, 1044390, 1037634, 1059292, 1031455, 1042520, 1073188, 1053841, 1051334]
x1	11	[1043677, 1054033, 1047094, 1051444, 1042472, 1051765, 1045010, 1052966, 1044268, 1053576, 1042980, 1052914, 1044402, 1050342, 1045667, 1054606]
x1	12	[1025018, 1055724, 1045394, 1053198, 1050101, 1055973, 1032776, 1058566, 1049210, 1059489, 1033394, 1057942, 1049119, 1051844, 1045516, 1053952]
x1	13	[1079839, 1039318, 1055085, 1036630, 1037712, 1019815, 1070670, 1027335, 1127979, 1026820, 1072521, 1018280, 1035886, 1037404, 1053626, 1038296]
x1	14	[1057330, 1063136, 1048171, 1043244, 1038255, 1040875, 1048761, 1050358, 1056623, 1048935, 1047607, 1041260, 1039622, 1041696, 1048583, 1062760]
x1	15	[1053909, 1050273, 1048549, 1043148, 1041451, 1044152, 1048513, 1057529, 1059381, 1057868, 1049414, 1042345, 1040352, 1044193, 1044877, 1051262]
x2	1	[1048785, 1048683, 1049283, 1047744, 1048214, 1048886, 1046185, 1049686, 1047156, 1048363, 1048854, 1049731, 1048729, 1048651, 1049992, 1048274]
x2	2	[1047339, 1049498, 1050090, 1049140, 1047779, 1049442, 1049836, 1047603, 1048815, 1048868, 1048241, 1047069, 1047944, 1048437, 1049656, 1047459]
x2	3	[1050202, 1047721, 1048000, 1048438, 1049854, 1048719, 1049411, 1047270, 1048609, 1049313, 1048630, 1049019, 1046842, 1049535, 1048326, 1047327]
x2	4	[1050510, 1049274, 1047668, 1048682, 1048873, 1048826, 1048311, 1049241, 1046959, 1048551, 1049400, 1049053, 1048355, 1046975, 1048690, 1047848]
x2	5	[1050046, 1049401, 1048937, 1048950, 1048170, 1049266, 1046707, 1050423, 1048971, 1047366, 1048866, 1047573, 1048768, 1048078, 1048979, 1046715]
x2	6	[1048781, 1048016, 1048862, 1048244, 1048065, 1050857, 1049171, 1050606, 1048418, 1048142, 1048227, 1048738, 1048601, 1047936, 1046163, 1048389]
x2	7	[1048218, 1048962, 1049437, 1046884, 1048485, 1048424, 1049275, 1049974, 1047274, 1049271, 1050208, 1048284, 1047725, 1048834, 1048000, 1047961]
x2	8	[1055010, 1043622, 1054415, 1044504, 1053467, 1044142, 1048399, 1047386, 1050336, 1047386, 1048399, 1044142, 1053467, 1044504, 1054415, 1043622]
x2	9	[1048218, 1047961, 1048000, 1048834, 1047725, 1048284, 1050208, 1049271, 1047274, 1049974, 1049275, 1048424, 1048485, 1046884, 1049437, 1048962]
x2	10	[1048781, 1048389, 1046163, 1047936, 1048601, 1048738, 1048227, 1048142, 1048418, 1050606, 1049171, 1050857, 1048065, 1048244, 1048862, 1048016]
x2	11	[1050046, 1046715, 1048979, 1048078, 1048768, 1047573, 1048866, 1047366, 1048971, 1050423, 1046707, 1049266, 1048170, 1048950, 1048937, 1049401]
x2	12	[1050510, 1047848, 1048690, 1046975, 1048355, 1049053, 1049400, 1048551, 1046959, 1049241, 1048311, 1048826, 1048873, 1048682, 1047668, 1049274]
x2	13	[1050202, 1047327, 1048326, 1049535, 1046842, 1049019, 1048630, 1049313, 1048609, 1047270, 1049411, 1048719, 1049854, 1048438, 1048000, 1047721]
x2	14	[1047339, 1047459, 1049656, 1048437, 1047944, 1047069, 1048241, 1048868, 1048815, 1047603, 1049836, 1049442, 1047779, 1049140, 1050090, 1049498]
x2	15	[1048785, 1048274, 1049992, 1048651, 1048729, 1049731, 1048854, 1048363, 1047156, 1049686, 1046185, 1048886, 1048214, 1047744, 1049283, 1048683]
x3	1	[1003455, 1064041, 1096204, 1036120, 1024899, 1034087, 1066527, 1062939, 1001987, 1063003, 1065684, 1036583, 1022553, 1037595, 1097239, 1064300]
x3	2	[1048559, 1049223, 1049383, 1048661, 1047545, 1047932, 1049462, 1047685, 1048631, 1048842, 1047348, 1049365, 1048229, 1048402, 1046837, 1051112]
x3	3	[1049030, 1048893, 1047968, 1047123, 1048655, 1049642, 1048944, 1047952, 1047108, 1050606, 1048575, 1048588, 1047790, 1050081, 1048508, 1047753]
x3	4	[1049483, 1048249, 1047722, 1047988, 1048493, 1048328, 1048371, 1048645, 1047143, 1049211, 1049279, 1049648, 1049649, 1047651, 1049410, 1047946]
x3	5	[1047836, 1050862, 1048228, 1048050, 1047627, 1049357, 1046578, 1048813, 1049036, 1048637, 1047679, 1051942, 1049311, 1046752, 1048533, 1047975]
x3	6	[1047504, 1048531, 1049711, 1046959, 1049748, 1047743, 1050917, 1046816, 1052119, 1045443, 1048381, 1046598, 1051352, 1047616, 1050364, 1047414]
x3	7	[1050471, 1047474, 1047189, 1048141, 1049478, 1048345, 1050653, 1048146, 1048728, 1048071, 1049734, 1047604, 1049520, 1047431, 1049135, 1047096]
x3	8	[1408042, 964833, 1037351, 964504, 1201723, 965701, 990515, 968592, 1182736, 968592, 990515, 965701, 1201723, 964504, 1037351, 964833]
x3	9	[1050471, 1047096, 1049135, 1047431, 1049520, 1047604, 1049734, 1048071, 1048728, 1048146, 1050653, 1048345, 1049478, 1048141, 1047189, 1047474]
x3	10	[1047504, 1047414, 1050364, 1047616, 1051352, 1046598, 1048381, 1045443, 1052119, 1046816, 1050917, 1047743, 1049748, 1046959, 1049711, 1048531]
x3	11	[1047836, 1047975, 1048533, 1046752, 1049311, 1051942, 1047679, 1048637, 1049036, 1048813, 1046578, 1049357, 1047627, 1048050, 1048228, 1050862]
x3	12	[1049483, 1047946, 1049410, 1047651, 1049649, 1049648, 1049279, 1049211, 1047143, 1048645, 1048371, 1048328, 1048493, 1047988, 1047722, 1048249]
x3	13	[1049030, 1047753, 1048508, 1050081, 1047790, 1048588, 1048575, 1050606, 1047108, 1047952, 1048944, 1049642, 1048655, 1047123, 1047968, 1048893]
x3	14	[1048559, 1051112, 1046837, 1048402, 1048229, 1049365, 1047348, 1048842, 1048631, 1047685, 1049462, 1047932, 1047545, 1048661, 1049383, 1049223]
x3	15	[1003455, 1064300, 1097239, 1037595, 1022553, 1036583, 1065684, 1063003, 1001987, 1062939, 1066527, 1034087, 1024899, 1036120, 1096204, 1064041]
x4	1	[1047814, 1048482, 1048160, 1048715, 1047873, 1048424, 1048330, 1047439, 1049578, 1048147, 1050229, 1049507, 1049256, 1048402, 1048208, 1048652]
x4	2	[1050180, 1047742, 1048490, 1048556, 1047588, 1050227, 1046638, 1049498, 1048942, 1049073, 1048429, 1049565, 1048004, 1049654, 1047073, 1047557]
x4	3	[1048460, 1048548, 1048785, 1047917, 1048718, 1048532, 1048606, 1048304, 1048392, 1048953, 1049472, 1048642, 1048495, 1048422, 1049196, 1047774]
x4	4	[1048633, 1046929, 1049762, 1049093, 1049312, 1050058, 1048102, 1047671, 1048649, 1046895, 1048675, 1048267, 1049401, 1048561, 1048690, 1048518]
x4	5	[1048746, 1049593, 1047446, 1048112, 1047350, 1049154, 1048655, 1048792, 1048330, 1048302, 1048813, 1047528, 1048220, 1049345, 1048880, 1049950]
x4	6	[1047630, 1049259, 1048193, 1048256, 1048322, 1048421, 1049450, 1048620, 1047607, 1047441, 1048853, 1048224, 1048488, 1049900, 1048949, 1049603]
x4	7	[1048039, 1048079, 1049037, 1048678, 1047399, 1047830, 1049567, 1048460, 1049524, 1050130, 1047926, 1048507, 1048142, 1047739, 1047858, 1050301]
x4	8	[1048604, 1050453, 1047783, 1048892, 1048704, 1047853, 1047534, 1049200, 1047774, 1049200, 1047534, 1047853, 1048704, 1048892, 1047783, 1050453]
x4	9	[1048039, 1050301, 1047858, 1047739, 1048142, 1048507, 1047926, 1050130, 1049524, 1048460, 1049567, 1047830, 1047399, 1048678, 1049037, 1048079]
x4	10	[1047630, 1049603, 1048949, 1049900, 1048488, 1048224, 1048853, 1047441, 1047607, 1048620, 1049450, 1048421, 1048322, 1048256, 1048193, 1049259]
x4	11	[1048746, 1049950, 1048880, 1049345, 1048220, 1047528, 1048813, 1048302, 1048330, 1048792, 1048655, 1049154, 1047350, 1048112, 1047446, 1049593]
x4	12	[1048633, 1048518, 1048690, 1048561, 1049401, 1048267, 1048675, 1046895, 1048649, 1047671, 1048102, 1050058, 1049312, 1049093, 1049762, 1046929]
x4	13	[1048460, 1047774, 1049196, 1048422, 1048495, 1048642, 1049472, 1048953, 1048392, 1048304, 1048606, 1048532, 1048718, 1047917, 1048785, 1048548]
x4	14	[1050180, 1047557, 1047073, 1049654, 1048004, 1049565, 1048429, 1049073, 1048942, 1049498, 1046638, 1050227, 1047588, 1048556, 1048490, 1047742]
x4	15	[1047814, 1048652, 1048208, 1048402, 1049256, 1049507, 1050229, 1048147, 1049578, 1047439, 1048330, 1048424, 1047873, 1048715, 1048160, 1048482]
Total distribution: [78912468, 78620051, 78744841, 78550348, 78685446, 78458386, 78634911, 78575053, 78840660, 78575053, 78634911, 78458386, 78685446, 78550348, 78744841, 78620051]
