615 4
855 1
256 2
123 2
1072 1
1278 1
1408 1
1293 1
1508 1
1528 1
1979 1
2481 1
316 1
651 1
1347 1
2754 1
2856 1
565 1
240 1
418 1
540 1
1159 1
1277 1
1674 1
1172 1
2125 1
399 1
2492 0
629 1
1464 1
673 1
827 1
790 1
2888 0
1666 1
1682 1
1371 1
189 1
1616 1
1346 1
1388 1
205 1
973 1
688 1
990 1
1636 1
1650 1
847 1
755 1
1443 1
582 1
810 1
504 1
1465 1
483 1
38 1
1314 1
50 1
1099 1
2630 0
646 1
14 1
2671 0
773 1
1870 0
1145 1
2907 0
266 1
170 1
2723 0
466 1
647 1
1113 1
808 1
949 1
380 1
668 1
2009 0
2099 0
526 1
2329 0
861 1
1679 0
719 1
359 1
1011 1
1211 1
1046 1
1753 0
2771 0
1240 1
132 1
1373 1
305 1
1458 0
2235 0
109 1
265 1
19 1
117 1
201 1
142 1
517 1
356 1
1418 0
36 1
2141 0
2225 0
247 1
2942 0
134 1
2172 0
2409 0
216 1
222 1
2544 0
2687 0
550 1
862 1
2948 0
260 1
138 1
2696 0
292 1
1538 0
495 1
140 1
2413 0
254 1
1816 0
301 1
1745 0
348 1
440 1
1760 0
587 1
685 1
411 1
541 1
786 1
833 1
2098 0
968 1
782 1
1901 0
238 1
771 1
887 1
992 1
2020 0
2189 0
463 1
2870 0
219 1
599 1
141 1
996 1
1005 0
999 1
1019 1
676 1
1266 0
1814 0
171 1
61 1
1029 0
1719 0
328 1
2095 0
793 1
1102 0
1299 0
854 1
2651 0
1025 1
1174 0
1673 0
482 1
2392 0
1044 1
1045 1
2342 0
1059 1
1777 0
1063 1
1235 0
1076 1
939 1
1537 0
1082 1
2441 0
457 1
124 1
1513 0
78 1
2207 0
2335 0
389 1
1341 0
13 1
1276 0
672 1
2061 0
276 1
1750 0
2751 0
135 1
190 1
1670 0
325 1
586 1
1309 0
1500 0
681 1
1189 0
129 1
1303 0
1544 0
2718 0
81 1
1569 0
1806 0
2259 0
229 1
172 1
692 0
1690 0
329 1
1725 0
404 1
2219 0
2350 0
590 1
16 1
592 1
1366 0
645 1
627 1
1260 0
2465 0
521 1
1653 0
643 1
1181 0
1713 0
2527 0
2783 0
682 1
1471 0
1937 0
226 1
2750 0
80 1
2290 0
2795 0
287 1
2430 0
2456 0
2769 0
412 1
1558 0
1669 0
2023 0
2982 0
704 1
1809 0
1959 0
2003 0
624 1
1192 0
1993 0
2251 0
467 1
1898 0
248 1
1124 0
126 1
1213 0
288 1
1039 0
1963 0
2512 0
272 1
116 1
1834 0
2361 0
330 1
1826 0
2781 0
634 1
1626 0
2537 0
2848 0
709 1
1662 0
1789 0
1923 0
2884 0
2933 0
720 1
2711 0
753 1
831 0
2876 0
769 1
794 1
736 1
837 0
2759 0
53 1
1281 0
1799 0
522 1
1611 0
1867 0
846 1
2177 0
2346 0
2727 0
353 1
1014 0
1531 0
2691 0
310 1
1695 0
2460 0
2507 0
54 1
1949 0
1957 0
2338 0
2843 0
499 1
1155 0
1375 0
1922 0
670 1
1448 0
2469 0
936 1
1782 0
1982 0
2037 0
2153 0
843 1
1497 0
1868 0
1999 0
95 1
1691 0
2146 0
2755 0
350 1
1028 0
1251 0
608 1
1775 0
635 1
1560 0
1965 0
2572 0
527 1
1873 0
341 1
2799 0
562 1
1483 0
1889 0
2525 0
146 1
405 1
1576 0
1804 0
1821 0
1896 0
710 1
2183 0
99 1
2196 0
2255 0
410 1
1634 0
441 1
1499 0
1885 0
1887 0
1918 0
2549 0
2684 0
2872 0
943 1
1055 0
2474 0
960 1
1642 0
2768 0
2939 0
278 1
1492 0
1033 1
1397 0
2853 0
1097 1
1308 0
1689 0
420 1
2032 0
2281 0
2748 0
654 1
1407 0
1473 0
2160 0
2440 0
2744 0
2899 0
701 1
1376 0
2068 0
680 1
1372 0
2814 0
2862 0
1054 1
1103 0
1058 1
1928 0
1951 0
2677 0
2693 0
2721 0
106 1
1269 0
1006 1
2433 0
1069 1
1279 0
167 1
1223 0
2318 0
2381 0
2828 0
2845 0
492 1
1182 0
2707 0
975 1
1543 0
1565 0
1841 0
2470 0
1098 1
2012 0
1154 1
1727 0
1759 0
1164 1
1840 0
1920 0
2154 0
2438 0
2882 0
1168 1
1415 0
1227 1
1998 0
2246 0
2386 0
2447 0
2720 0
2839 0
1326 1
1416 0
1639 0
1971 0
1345 1
2148 0
2362 0
2641 0
2685 0
2706 0
1353 1
1798 0
2142 0
2542 0
1381 1
2199 0
2829 0
1392 1
1539 0
1741 0
1983 0
2212 0
2737 0
2950 0
807 1
2722 0
2873 0
1402 1
1597 0
2300 0
2357 0
2643 0
2878 0
2990 0
1409 1
2021 0
2078 0
2265 0
1466 1
1566 0
2035 0
2202 0
2298 0
2702 0
1507 1
2250 0
1578 1
1771 0
2039 0
2041 0
2074 0
1589 1
1734 0
2649 0
2837 0
625 1
1792 0
1899 0
1943 0
2282 0
2379 0
23 1
1621 0
1391 1
2352 0
2620 0
2713 0
1858 1
2043 0
2742 0
2802 0
1783 1
2138 0
2180 0
2832 0
2962 0
1877 1
2835 0
2072 1
2841 0
2127 1
2383 0
2535 0
2462 1
2911 0
